
USA_CITIES = [[0, 62, 60, 56, 29, 50, 34, 28, 35], 
              [62, 0, 4, 17, 34, 18, 34, 58, 37], 
              [60, 4, 0, 12, 30, 14, 30, 56, 44], 
              [56, 17, 12, 0, 25, 6, 38, 51, 26], 
              [29, 34, 30, 25, 0, 19, 9, 53, 23], 
              [50, 18, 14, 6, 19, 0, 28, 40, 20], 
              [34, 34, 30, 38, 9, 28, 0, 71, 36], 
              [28, 58, 56, 51, 53, 40, 71, 0, 29], 
              [35, 37, 44, 26, 23, 20, 36, 29, 0]]

DEBUG_NODES = [
    [0, 1, 1],
    [1, 0, 1],
    [1, 1, 0]
]